21371517.490000 5412572.475000
21371631.330000 5412536.546000
21371551.950000 5412492.889000
21371575.770000 5412379.118000
21371713.350000 5412393.671000
21371839.030000 5412303.712000
21372082.130000 5412363.208000
21372056.510000 5412267.746000
21372141.820000 5412338.020000
21372310.510000 5412165.088000
21372401.320000 5412271.133000
21372317.290000 5412423.322000
21372401.110000 5412525.980000
21372447.040000 5412350.085000
21372751.730000 5412303.747000
21372685.920000 5412204.198000
21372786.130000 5412102.333000
21372838.060000 5412163.187000
21373040.790000 5411949.933000
21373074.920000 5412057.883000
21373179.700000 5412072.964000
21373380.520000 5411886.432000
21373421.790000 5411934.058000
21373568.640000 5411851.507000
21373655.950000 5411518.132000
21373962.340000 5411452.250000
21374040.920000 5411301.438000
21374086.960000 5411403.038000
21374185.380000 5411341.919000
21374298.100000 5411500.669000
21374455.260000 5411391.925000
21374514.790000 5411479.238000
21374455.260000 5411590.363000
21374594.960000 5411663.388000
21374991.830000 5411666.563000
21375111.690000 5411576.076000
21375524.440000 5411715.776000
21375714.940000 5411526.863000
21375710.970000 5411614.176000
21376029.270000 5411671.502000
21376046.200000 5411437.610000
21376182.730000 5411246.051000
21376415.560000 5411361.410000
21376602.890000 5411135.984000
21376874.880000 5411158.209000
21376955.310000 5411361.410000
21377147.930000 5411418.560000
21377106.650000 5411549.794000
21377238.940000 5411692.669000
21377319.380000 5411684.202000
21377346.890000 5411886.344000
21377669.690000 5412016.520000
21377836.900000 5411984.770000
21378000.950000 5411812.261000
21378083.500000 5411904.336000
21378199.910000 5411866.236000
21378248.600000 5411621.760000
21378340.670000 5411556.144000
21378450.740000 5411593.185000
21378562.920000 5411384.693000
21379005.990000 5411438.192000
21379098.860000 5411561.224000
21379306.030000 5411580.274000
21379525.900000 5411507.249000
21379617.180000 5411388.186000
21379927.540000 5411427.873000
21379905.320000 5411342.148000
21380025.170000 5411167.523000
21380204.560000 5411252.454000
21380362.520000 5411211.179000
21380629.220000 5411414.380000
21380766.540000 5411206.152000
21381200.720000 5411234.727000
21381628.680000 5410902.939000
21381957.300000 5411004.695000
21382073.180000 5410909.289000
21382047.780000 5411064.864000
21382230.350000 5411074.389000
21382336.710000 5411245.840000
21382508.160000 5411210.915000
21382654.210000 5411453.803000
21382733.580000 5411337.915000
21383005.050000 5411496.665000
21382897.100000 5411315.901000
21383064.310000 5411206.893000
21383009.280000 5411272.510000
21383051.610000 5411380.460000
21383136.280000 5411261.926000
21383213.540000 5411304.260000
21383183.910000 5411388.927000
21383298.210000 5411363.527000
21383713.070000 5411520.160000
21383912.040000 5411911.744000
21384073.970000 5411902.219000
21384122.650000 5411773.102000
21384297.270000 5411685.261000
21384410.520000 5411740.294000
21384402.050000 5411886.344000
21384585.140000 5411755.111000
21384630.650000 5411886.344000
21384801.040000 5411827.078000
21384791.520000 5411948.786000
21384972.490000 5412226.070000
21385203.210000 5412226.070000
21385319.630000 5412353.070000
21385495.390000 5412369.236000
